0 0 0 0 0 0 0 0 0 0 0 0 0 0 0 0 0 0 0 0 0 0 0 0 0 0 0 0 0 0 0 0 0 0 0 0 0 0 0 0 0 0 0 0 0 0 0 0 0 0 
0 0 0 0 0 0 0 0 0 0 0 0 0 0 0 0 0 0 0 0 0 0 0 0 0 0 0 0 0 0 0 0 0 0 0 0 0 0 0 0 0 0 0 0 0 0 0 0 0 0 
0 0 0 0 0 0 0 0 0 0 0 0 0 0 0 0 0 0 0 0 0 0 0 0 0 0 0 0 0 0 0 0 0 0 0 0 0 0 0 0 0 0 0 0 0 0 0 0 0 0 
0 0 0 0 0 0 0 0 0 0 0 0 0 0 0 0 0 0 0 0 0 0 0 0 0 0 0 0 0 0 0 0 0 0 0 0 0 0 0 0 0 0 0 0 0 0 0 0 0 0 
0 0 0 0 0 0 0 0 0 0 0 0 0 0 0 0 0 0 0 0 0 0 0 0 0 0 0 0 0 0 0 0 0 0 0 0 0 0 0 0 0 0 0 0 0 0 0 0 0 0 
0 0 0 0 0 0 0 0 0 0 0 0 0 0 0 0 0 0 0 0 0 0 0 0 0 0 0 0 0 0 0 0 0 0 0 0 0 0 0 0 0 0 0 0 0 0 0 0 0 0 
0 0 0 0 0 0 0 47 47 47 47 47 47 47 47 47 47 47 47 47 47 47 47 47 47 47 47 47 47 47 47 47 47 47 47 47 47 47 47 47 47 47 47 0 0 0 0 0 0 0 
0 0 0 0 0 0 0 47 36 48 47 47 47 47 47 47 47 47 47 47 47 47 47 47 47 47 47 47 47 47 47 47 47 47 47 47 47 47 47 47 47 47 47 0 0 0 0 0 0 0 
0 0 0 0 0 0 0 47 48 48 47 47 47 47 47 48 48 48 48 48 48 47 47 47 47 47 47 47 47 47 47 48 48 48 48 48 48 47 47 47 47 47 47 0 0 0 0 0 0 0 
0 0 0 0 0 0 0 47 47 48 47 47 47 47 48 48 48 48 48 48 48 48 47 47 47 47 47 47 47 47 48 48 48 48 47 47 48 47 47 47 47 47 47 0 0 0 0 0 0 0 
0 0 0 0 0 0 0 47 47 48 48 48 48 48 48 48 48 48 48 48 48 48 47 47 47 47 48 48 48 48 48 48 48 47 47 47 48 48 47 47 47 47 47 0 0 0 0 0 0 0 
0 0 0 0 0 0 0 47 47 47 47 47 47 47 48 48 48 48 48 48 48 48 47 47 47 48 48 48 48 48 48 48 47 47 47 47 47 48 47 47 47 47 47 0 0 0 0 0 0 0 
0 0 0 0 0 0 0 47 47 47 47 47 47 47 47 48 48 48 48 48 48 47 47 47 48 48 48 48 48 48 47 47 47 47 47 47 47 48 48 47 47 47 47 0 0 0 0 0 0 0 
0 0 0 0 0 0 0 47 47 47 47 47 47 47 47 47 47 47 48 47 47 47 47 48 48 48 48 47 47 47 47 47 47 47 47 47 48 48 48 48 47 47 47 0 0 0 0 0 0 0 
0 0 0 0 0 0 0 47 47 47 47 47 47 47 47 47 47 47 48 47 47 47 48 48 48 47 47 47 47 47 47 47 47 47 47 48 48 48 48 48 47 47 47 0 0 0 0 0 0 0 
0 0 0 0 0 0 0 47 47 47 47 47 47 47 47 48 48 48 48 48 47 47 48 48 48 47 47 48 47 47 47 47 47 47 47 48 48 48 48 48 48 47 47 0 0 0 0 0 0 0 
0 0 0 0 0 0 0 47 47 47 47 47 47 48 48 48 47 48 48 48 47 47 48 47 47 47 47 48 47 47 47 47 47 47 48 48 48 48 48 48 48 47 47 0 0 0 0 0 0 0 
0 0 0 0 0 0 0 47 48 48 47 47 47 47 47 47 47 47 48 47 47 47 48 47 47 48 48 48 48 48 47 47 48 48 48 47 47 48 48 48 47 47 47 0 0 0 0 0 0 0 
0 0 0 0 0 0 0 47 48 48 48 48 48 47 47 47 47 47 48 47 47 47 48 47 47 48 48 48 48 48 47 48 48 47 47 47 47 47 48 47 47 47 47 0 0 0 0 0 0 0 
0 0 0 0 0 0 0 47 48 48 48 48 48 47 47 47 47 47 48 47 47 47 48 47 47 48 48 48 48 48 48 48 47 47 47 47 47 47 48 47 47 47 47 0 0 0 0 0 0 0 
0 0 0 0 0 0 0 47 48 48 48 48 48 47 47 47 47 47 48 47 47 47 48 47 47 47 48 48 48 48 47 47 47 47 47 47 47 47 48 47 47 47 47 0 0 0 0 0 0 0 
0 0 0 0 0 0 0 47 48 48 48 48 48 47 47 47 47 47 48 47 47 47 48 48 47 47 47 47 47 47 47 47 47 47 47 47 47 47 48 47 47 47 47 0 0 0 0 0 0 0 
0 0 0 0 0 0 0 47 47 47 48 47 47 47 47 47 47 47 48 47 48 48 48 48 47 47 47 47 47 47 47 47 47 47 47 47 47 47 48 47 47 47 47 0 0 0 0 0 0 0 
0 0 0 0 0 0 0 47 47 47 48 47 47 47 47 47 47 47 48 47 47 47 47 47 47 47 47 47 47 47 47 47 47 47 47 47 47 48 48 48 48 47 47 0 0 0 0 0 0 0 
0 0 0 0 0 0 0 47 47 47 48 47 47 47 48 48 48 48 48 48 48 48 47 47 47 47 47 47 47 47 47 47 47 47 48 48 48 48 48 48 48 47 47 0 0 0 0 0 0 0 
0 0 0 0 0 0 0 47 47 47 48 47 47 48 48 48 48 48 48 48 48 48 48 47 47 47 47 47 47 47 47 47 48 48 48 48 48 48 48 48 48 47 47 0 0 0 0 0 0 0 
0 0 0 0 0 0 0 47 47 47 48 48 48 48 48 48 48 48 48 48 48 48 48 47 47 47 47 47 47 47 47 47 48 48 48 48 48 48 48 48 48 47 47 0 0 0 0 0 0 0 
0 0 0 0 0 0 0 47 47 47 48 48 48 48 48 48 48 48 48 48 48 48 48 47 47 47 47 47 47 47 47 47 48 48 48 48 48 48 48 48 48 47 47 0 0 0 0 0 0 0 
0 0 0 0 0 0 0 47 47 47 47 47 47 47 48 48 48 48 48 48 48 48 48 48 48 48 48 48 48 48 48 48 48 48 48 48 48 47 47 48 48 47 47 0 0 0 0 0 0 0 
0 0 0 0 0 0 0 47 47 47 47 47 47 47 47 47 47 48 48 47 47 47 47 47 47 47 48 47 47 47 47 47 48 48 48 47 47 47 47 48 48 47 47 0 0 0 0 0 0 0 
0 0 0 0 0 0 0 47 47 47 47 47 47 47 47 47 47 48 48 47 47 47 47 47 47 47 48 47 47 47 47 47 47 47 47 47 47 47 48 48 48 47 47 0 0 0 0 0 0 0 
0 0 0 0 0 0 0 47 47 47 47 47 47 47 47 47 47 48 48 47 47 47 47 47 47 47 48 47 47 47 47 47 47 47 47 47 47 47 47 48 48 47 47 0 0 0 0 0 0 0 
0 0 0 0 0 0 0 47 47 47 47 47 47 47 47 47 47 48 48 47 47 47 47 47 47 47 48 47 47 47 47 47 47 47 47 47 47 47 47 47 47 47 47 0 0 0 0 0 0 0 
0 0 0 0 0 0 0 47 47 47 47 47 47 47 47 47 47 48 48 47 47 47 47 47 47 48 48 48 47 47 47 47 47 47 47 47 47 47 47 47 47 47 47 0 0 0 0 0 0 0 
0 0 0 0 0 0 0 47 47 47 47 47 47 47 47 47 47 48 48 47 47 47 47 47 47 48 48 48 47 47 47 47 47 47 47 47 47 47 47 47 47 47 47 0 0 0 0 0 0 0 
0 0 0 0 0 0 0 47 47 47 47 47 47 47 47 48 48 48 48 48 48 47 47 47 47 47 47 47 47 47 47 47 47 47 47 47 47 47 47 47 47 47 47 0 0 0 0 0 0 0 
0 0 0 0 0 0 0 47 47 47 47 47 47 47 47 48 48 48 48 48 48 47 47 47 47 47 47 47 47 47 47 47 47 47 47 47 47 47 47 47 47 47 47 0 0 0 0 0 0 0 
0 0 0 0 0 0 0 47 47 48 48 48 48 48 48 48 48 48 48 48 48 47 47 47 47 47 47 47 47 47 47 47 47 47 47 47 48 48 48 48 48 47 47 0 0 0 0 0 0 0 
0 0 0 0 0 0 0 47 47 48 47 47 47 47 47 48 48 48 48 48 48 47 47 47 47 47 47 47 47 47 47 47 48 48 48 48 48 48 47 47 48 47 47 0 0 0 0 0 0 0 
0 0 0 0 0 0 0 47 47 48 47 47 47 47 47 48 48 48 48 48 48 47 47 47 47 47 47 47 47 47 47 48 48 48 48 48 48 47 47 47 48 47 47 0 0 0 0 0 0 0 
0 0 0 0 0 0 0 47 48 48 48 47 47 47 47 48 48 48 48 48 48 48 48 48 48 48 48 48 48 48 48 48 48 48 48 48 48 47 47 47 48 47 47 0 0 0 0 0 0 0 
0 0 0 0 0 0 0 47 48 48 48 47 47 47 47 47 47 47 47 47 47 47 47 47 47 47 47 47 47 47 47 47 48 48 48 48 48 47 47 47 48 47 47 0 0 0 0 0 0 0 
0 0 0 0 0 0 0 47 48 48 48 47 47 47 47 47 47 47 47 47 47 47 47 47 47 47 47 47 47 47 47 47 47 47 47 47 47 47 47 47 47 47 47 0 0 0 0 0 0 0 
0 0 0 0 0 0 0 47 47 47 47 47 47 47 47 47 47 47 47 47 47 47 47 47 47 47 47 47 47 47 47 47 47 47 47 47 47 47 47 47 47 47 47 0 0 0 0 0 0 0 
0 0 0 0 0 0 0 0 0 0 0 0 0 0 0 0 0 0 0 0 0 0 0 0 0 0 0 0 0 0 0 0 0 0 0 0 0 0 0 0 0 0 0 0 0 0 0 0 0 0 
0 0 0 0 0 0 0 0 0 0 0 0 0 0 0 0 0 0 0 0 0 0 0 0 0 0 0 0 0 0 0 0 0 0 0 0 0 0 0 0 0 0 0 0 0 0 0 0 0 0 
0 0 0 0 0 0 0 0 0 0 0 0 0 0 0 0 0 0 0 0 0 0 0 0 0 0 0 0 0 0 0 0 0 0 0 0 0 0 0 0 0 0 0 0 0 0 0 0 0 0 
0 0 0 0 0 0 0 0 0 0 0 0 0 0 0 0 0 0 0 0 0 0 0 0 0 0 0 0 0 0 0 0 0 0 0 0 0 0 0 0 0 0 0 0 0 0 0 0 0 0 
0 0 0 0 0 0 0 0 0 0 0 0 0 0 0 0 0 0 0 0 0 0 0 0 0 0 0 0 0 0 0 0 0 0 0 0 0 0 0 0 0 0 0 0 0 0 0 0 0 0 
0 0 0 0 0 0 0 0 0 0 0 0 0 0 0 0 0 0 0 0 0 0 0 0 0 0 0 0 0 0 0 0 0 0 0 0 0 0 0 0 0 0 0 0 0 0 0 0 0 0 
